#
4 4
-0.009341 -0.991277 0.131460 0.411221
0.992850 0.006452 0.119195 -0.226824
-0.119003 0.131633 0.984130 -1.586164
0 0 0 1
#
4 4
-0.009341 -0.991277 0.131460 0.411221
0.992850 0.006452 0.119195 -0.226824
-0.119003 0.131633 0.984130 -1.586164
0 0 0 1
#
4 4
-0.009341 -0.991277 0.131460 0.411221
0.992850 0.006452 0.119195 -0.226824
-0.119003 0.131633 0.984130 -1.586164
0 0 0 1
#
4 4
-0.009341 -0.991277 0.131460 0.411221
0.992850 0.006452 0.119195 -0.226824
-0.119003 0.131633 0.984130 -1.586164
0 0 0 1
#
4 4
-0.009341 -0.991277 0.131460 0.411221
0.992850 0.006452 0.119195 -0.226824
-0.119003 0.131633 0.984130 -1.586164
0 0 0 1
#
4 4
0.035478 -0.996752 0.072301 0.448892
0.997706 0.039500 0.054975 -0.175512
-0.057652 0.070185 0.995867 -1.615597
0 0 0 1
#
4 4
0.719453 -0.014373 -0.694393 1.059296
-0.034413 -0.999296 -0.014971 -0.103720
-0.693688 0.034667 -0.719440 0.972515
0 0 0 1
#
4 4
0.719453 -0.014373 -0.694393 1.059296
-0.034413 -0.999296 -0.014971 -0.103720
-0.693688 0.034667 -0.719440 0.972515
0 0 0 1
#
4 4
-0.026997 -0.997616 0.063511 0.495838
0.595806 0.034958 0.802367 -0.791648
-0.802674 0.059502 0.593442 -0.833768
0 0 0 1
#
4 4
-0.026997 -0.997616 0.063511 0.495838
0.595806 0.034958 0.802367 -0.791648
-0.802674 0.059502 0.593442 -0.833768
0 0 0 1
#
4 4
-0.066737 -0.997723 0.009770 0.547672
-0.592672 0.031763 -0.804817 0.758505
0.802674 -0.059502 -0.593442 0.793768
0 0 0 1
#
4 4
0.060441 -0.996459 0.058454 0.564066
-0.581282 0.012469 0.813606 -0.822246
-0.811454 -0.083153 -0.578470 0.812413
0 0 0 1
