#
4 4
-0.009341 -0.991277 0.131460 0.411221
0.992850 0.006452 0.119195 -0.226824
-0.119003 0.131633 0.984130 -1.586164
0 0 0 1
#
4 4
-0.009341 -0.991277 0.131460 0.411221
0.992850 0.006452 0.119195 -0.226824
-0.119003 0.131633 0.984130 -1.586164
0 0 0 1
#
4 4
-0.009341 -0.991277 0.131460 0.411221
0.992850 0.006452 0.119195 -0.226824
-0.119003 0.131633 0.984130 -1.586164
0 0 0 1
#
4 4
-0.009341 -0.991277 0.131460 0.411221
0.992850 0.006452 0.119195 -0.226824
-0.119003 0.131633 0.984130 -1.586164
0 0 0 1
#
4 4
-0.009341 -0.991277 0.131460 0.411221
0.992850 0.006452 0.119195 -0.226824
-0.119003 0.131633 0.984130 -1.586164
0 0 0 1
#
4 4
0.035478 -0.996752 0.072301 0.448892
0.997706 0.039500 0.054975 -0.175512
-0.057652 0.070185 0.995867 -1.615597
0 0 0 1
